
                   mean       std    median      5.0%     95.0%     n_eff     r_hat
   alpha_1[0]     -2.04      0.14     -2.03     -2.26     -1.84    171.71      1.01
 alpha_chi[0]      2.15      0.69      2.05      1.08      3.11    255.47      1.00
    beta_1[0]      4.18      0.66      4.37      3.25      5.00    358.07      1.00
    beta_2[0]      1.94      0.71      1.87      0.81      3.01    227.02      1.00
  beta_chi[0]      3.93      0.74      4.04      2.87      4.99    427.86      1.00
     kappa[0]      1.43      1.20      1.46     -0.66      3.35    149.73      1.02
  mix_tilt[0]      0.57      0.26      0.60      0.18      1.00    342.34      1.00
   mixture[0]      0.03      0.02      0.03      0.01      0.05     37.74      1.07
   mu_peak[0]     30.56      2.38     31.05     28.09     34.12     20.58      1.06
  sig_tilt[0]      1.37      1.20      0.82      0.11      3.33    295.22      1.00
sigma_peak[0]      4.26      2.70      3.33      2.01      7.76     20.32      1.08

Number of divergences: 0
