
                   mean       std    median      5.0%     95.0%     n_eff     r_hat
   alpha_1[0]     -1.89      0.11     -1.89     -2.10     -1.75    361.19      1.00
 alpha_chi[0]      1.67      0.46      1.61      1.02      2.27    265.86      1.00
    beta_1[0]      2.09      0.60      2.02      1.15      2.98    492.70      1.00
  beta_chi[0]      3.80      0.75      3.82      2.76      5.00    255.45      1.02
     kappa[0]      0.77      1.13      0.79     -0.92      2.70    306.10      1.00
  mix_tilt[0]      0.51      0.28      0.52      0.13      1.00    383.62      1.00
   mixture[0]      0.04      0.01      0.04      0.02      0.06    215.29      1.00
   mu_peak[0]     30.93      1.21     31.01     29.34     32.86    191.03      1.00
  sig_tilt[0]      1.66      1.17      1.39      0.13      3.48    419.37      1.00
sigma_peak[0]      3.17      1.90      2.62      1.00      5.58    199.60      1.00

Number of divergences: 0
