
                   mean       std    median      5.0%     95.0%     n_eff     r_hat
   alpha_1[0]     -1.89      0.12     -1.89     -2.10     -1.71    247.49      1.00
 alpha_chi[0]      1.60      0.42      1.53      1.00      2.14    385.54      1.01
    beta_1[0]      2.15      0.54      2.12      1.23      2.96    315.64      1.01
  beta_chi[0]      3.73      0.79      3.79      2.62      5.00    243.65      1.02
     kappa[0]      0.78      1.21      0.81     -1.19      2.70    190.45      1.00
  mix_tilt[0]      0.52      0.30      0.53      0.07      0.97    644.84      1.00
   mixture[0]      0.04      0.01      0.04      0.02      0.06    218.54      1.00
   mu_peak[0]     31.13      1.14     31.19     29.49     33.03    173.57      1.00
  sig_tilt[0]      1.82      1.16      1.78      0.11      3.47    358.56      1.00
sigma_peak[0]      3.03      1.81      2.53      1.01      5.76    215.60      1.00

Number of divergences: 0
