
                   mean       std    median      5.0%     95.0%     n_eff     r_hat
   alpha_1[0]      1.05      1.15      0.91     -0.76      2.98    204.93      1.00
   alpha_2[0]     -2.60      0.24     -2.59     -2.93     -2.15    195.79      1.00
 alpha_chi[0]      1.53      0.38      1.44      1.03      2.10    323.50      1.00
    beta_1[0]      2.06      0.62      2.02      1.01      2.93    349.07      1.00
  beta_chi[0]      3.75      0.74      3.81      2.70      4.98    308.03      1.00
     kappa[0]      1.98      1.15      2.02      0.10      3.79    300.85      1.00
   m_break[0]      8.24      0.83      8.25      7.05      9.74    145.81      1.01
  mix_tilt[0]      0.51      0.28      0.52      0.08      0.94    546.54      1.00
   mixture[0]      0.53      0.08      0.53      0.40      0.66    211.47      1.00
   mu_peak[0]     31.76      1.20     31.76     29.89     33.63    315.56      1.01
  sig_tilt[0]      1.97      1.22      1.97      0.21      3.80    309.97      1.00
sigma_peak[0]      3.89      1.71      3.43      2.01      5.90    203.09      1.00

Number of divergences: 0
