
                   mean       std    median      5.0%     95.0%     n_eff     r_hat
   alpha_1[0]     -1.10      0.38     -1.12     -1.69     -0.50   3135.77      1.00
   alpha_2[0]     -2.46      0.26     -2.44     -2.84     -2.04   2175.02      1.00
    beta_1[0]      1.26      0.53      1.22      0.40      2.11   3013.28      1.00
    beta_2[0]      2.22      0.72      2.15      1.05      3.38   3283.33      1.00
     kappa[0]      1.90      1.19      1.92     -0.22      3.66   3793.89      1.00
   m_break[0]      8.72      1.05      8.93      7.54     10.00   1219.62      1.00
 mix_tilt1[0]      0.51      0.29      0.51      0.11      1.00   5930.45      1.00
 mix_tilt2[0]      0.57      0.26      0.58      0.20      1.00   5477.61      1.00
   mixture[0]      0.61      0.09      0.62      0.47      0.75   1265.61      1.00
   mu_chi1[0]      0.18      0.11      0.17      0.00      0.34   4304.37      1.00
   mu_chi2[0]      0.12      0.08      0.11      0.00      0.23   2897.88      1.00
   mu_peak[0]     31.75      1.50     31.89     29.68     33.88    706.86      1.00
  sig_chi1[0]      0.99      0.58      0.99      0.05      1.79   4402.27      1.00
  sig_chi2[0]      0.25      0.07      0.25      0.14      0.36   2689.69      1.00
 sig_tilt1[0]      1.90      1.15      1.83      0.10      3.56   5676.78      1.00
 sig_tilt2[0]      1.52      0.96      1.22      0.14      3.13   2074.69      1.00
sigma_peak[0]      4.08      2.03      3.56      2.00      6.34    610.86      1.00

Number of divergences: 0
