
                   mean       std    median      5.0%     95.0%     n_eff     r_hat
         A[0]      0.79      0.18      0.84      0.55      1.00   2178.32      1.00
   alpha_1[0]     -3.07      0.99     -2.98     -4.73     -1.65   1875.32      1.00
   alpha_2[0]     -1.55      0.24     -1.55     -1.97     -1.18   1383.57      1.00
    beta_1[0]      1.34      0.54      1.29      0.45      2.14   2490.61      1.00
    beta_2[0]      2.84      0.86      2.77      1.52      4.35   2059.28      1.00
   eta_max[0]      5.36      1.95      5.16      2.26      8.61   1755.27      1.00
   eta_min[0]     30.83     11.26     31.09     14.95     49.98   4016.75      1.00
gamma_high[0]      6.23      0.86      6.24      4.95      7.75   2863.53      1.00
 gamma_low[0]      2.57      0.44      2.53      2.00      3.17   2568.78      1.00
     kappa[0]      0.51      1.26      0.53     -1.47      2.69   2982.67      1.00
   m_break[0]      4.03      1.99      3.26      2.00      7.50    624.83      1.00
     m_max[0]     58.84     11.10     57.14     40.44     75.88   1328.90      1.00
     m_min[0]      1.10      0.06      1.10      1.02      1.20   3035.81      1.00
  mu_peak1[0]      8.97      1.72      8.96      6.14     11.50   3421.86      1.00
  mu_peak2[0]     40.02     11.45     39.73     23.32     58.83   3038.31      1.00
 sig_peak1[0]     20.53     11.47     20.91      1.00     36.38   3021.78      1.00
 sig_peak2[0]     20.07     11.23     19.90      1.00     35.77   4493.09      1.00

Number of divergences: 0
