
                   mean       std    median      5.0%     95.0%     n_eff     r_hat
   alpha_1[0]      2.88      1.40      3.05      0.89      4.99    304.71      1.00
   alpha_2[0]     -2.73      0.43     -2.65     -3.14     -2.22     30.04      1.03
    beta_1[0]      2.52      1.49      2.68      0.42      5.00    438.55      1.00
    beta_2[0]      2.70      0.77      2.62      1.29      3.79    208.20      1.00
     kappa[0]      1.87      1.12      1.86      0.21      3.91    536.95      1.00
   m_break[0]      8.13      0.67      8.16      7.10      9.25    174.48      1.01
 mix_tilt1[0]      0.52      0.29      0.52      0.10      0.98    683.92      1.00
 mix_tilt2[0]      0.60      0.26      0.62      0.21      1.00    516.61      1.00
   mixture[0]      0.51      0.09      0.50      0.36      0.64     73.00      1.00
   mu_chi1[0]      0.19      0.11      0.19      0.00      0.34    569.55      1.00
   mu_chi2[0]      0.14      0.09      0.14      0.00      0.27    238.56      1.01
   mu_peak[0]     31.70      1.94     31.96     29.92     34.12     36.30      1.02
  sig_chi1[0]      1.02      0.57      1.02      0.05      1.78    521.95      1.00
  sig_chi2[0]      0.26      0.08      0.26      0.12      0.37    369.31      1.00
 sig_tilt1[0]      2.07      1.18      2.07      0.29      3.83    607.87      1.00
 sig_tilt2[0]      1.51      0.83      1.28      0.25      2.80    240.36      1.00
sigma_peak[0]      4.47      2.94      3.66      2.01      6.72     28.45      1.03

Number of divergences: 0
