
                   mean       std    median      5.0%     95.0%     n_eff     r_hat
   alpha_1[0]     -1.21      0.39     -1.27     -1.77     -0.55    335.21      1.00
   alpha_2[0]     -2.33      0.23     -2.31     -2.74     -2.00    154.27      1.00
    beta_1[0]      1.57      0.72      1.49      0.41      2.68    199.51      1.01
    beta_2[0]      1.92      0.70      1.89      0.91      3.25    338.00      1.00
     kappa[0]      1.01      1.36      0.97     -1.50      3.02    223.94      1.00
   m_break[0]      8.46      1.28      8.80      6.69      9.99    204.31      1.00
  mix_tilt[0]      0.61      0.23      0.62      0.27      0.98    241.66      1.00
   mixture[0]      0.61      0.10      0.62      0.47      0.75    253.40      1.00
    mu_chi[0]      0.20      0.11      0.20      0.05      0.38    428.37      1.00
   mu_peak[0]     32.35      1.24     32.43     30.58     34.57    427.85      1.00
   sig_chi[0]      0.62      0.24      0.63      0.28      1.00    409.31      1.02
  sig_tilt[0]      1.03      0.68      0.89      0.17      1.88     97.27      1.05
sigma_peak[0]      3.96      1.60      3.59      2.02      6.16    263.33      1.01

Number of divergences: 0
