
                   mean       std    median      5.0%     95.0%     n_eff     r_hat
   alpha_1[0]     -1.20      0.40     -1.22     -1.68     -0.45    309.00      1.01
   alpha_2[0]     -2.31      0.22     -2.31     -2.69     -1.97    169.34      1.00
    beta_1[0]      1.59      0.70      1.50      0.42      2.59    200.41      1.02
    beta_2[0]      1.91      0.66      1.80      1.02      3.11    256.55      1.00
     kappa[0]      1.16      1.33      1.07     -0.95      3.25    292.04      1.00
   m_break[0]      8.28      1.37      8.55      6.71      9.99    109.88      1.01
  mix_tilt[0]      0.60      0.24      0.61      0.28      1.00    157.11      1.01
   mixture[0]      0.60      0.11      0.61      0.46      0.77    150.54      1.01
    mu_chi[0]      0.19      0.11      0.18      0.02      0.36    345.57      1.00
   mu_peak[0]     31.85      1.17     31.83     30.01     33.82    383.87      1.00
   sig_chi[0]      0.59      0.26      0.60      0.22      0.99    341.98      1.00
  sig_tilt[0]      1.27      0.87      1.03      0.11      2.63     91.47      1.01
sigma_peak[0]      3.62      1.42      3.15      2.04      5.59    271.72      1.00

Number of divergences: 0
