
                   mean       std    median      5.0%     95.0%     n_eff     r_hat
   alpha_1[0]     -3.57      0.21     -3.58     -3.90     -3.22    223.50      1.00
 alpha_chi[0]      1.55      0.40      1.48      1.01      2.05    211.45      1.00
    beta_1[0]      0.82      0.63      0.80     -0.23      1.78    359.47      1.00
  beta_chi[0]      3.77      0.76      3.85      2.66      5.00    194.58      1.01
     kappa[0]     -0.44      1.05     -0.42     -2.23      1.21    300.40      1.00
  mix_tilt[0]      0.50      0.29      0.52      0.02      0.90    462.45      1.00
   mixture[0]      0.00      0.00      0.00      0.00      0.00    174.15      1.00
   mu_peak[0]     32.22      3.20     33.09     27.26     36.53    106.27      1.00
  sig_tilt[0]      1.85      1.13      1.80      0.12      3.45    239.09      1.01
sigma_peak[0]      4.51      2.47      4.07      1.01      8.49    124.76      1.00

Number of divergences: 0
