
                   mean       std    median      5.0%     95.0%     n_eff     r_hat
   alpha_1[0]      2.92      1.39      3.12      0.90      4.97    481.25      1.00
   alpha_2[0]     -2.63      0.23     -2.63     -3.02     -2.30    412.43      1.00
    beta_1[0]      2.44      1.57      2.54      0.17      4.99    342.21      1.00
    beta_2[0]      2.52      0.76      2.42      1.05      3.57    237.88      1.00
     kappa[0]      2.08      1.23      2.13     -0.05      4.12    536.31      1.00
   m_break[0]      8.08      0.69      8.10      6.80      9.07    289.84      1.00
  mix_tilt[0]      0.60      0.25      0.62      0.24      0.99    733.11      1.00
   mixture[0]      0.48      0.07      0.48      0.36      0.60    427.71      1.00
    mu_chi[0]      0.24      0.11      0.26      0.06      0.40    527.74      1.00
   mu_peak[0]     32.01      1.14     32.01     30.18     33.91    502.77      1.00
   sig_chi[0]      0.53      0.27      0.51      0.10      0.90    446.15      1.01
  sig_tilt[0]      1.39      0.91      1.11      0.14      2.91    176.86      1.00
sigma_peak[0]      3.65      1.44      3.24      2.01      5.76    592.18      1.00

Number of divergences: 0
