
                   mean       std    median      5.0%     95.0%     n_eff     r_hat
   alpha_1[0]     -1.16      0.37     -1.20     -1.74     -0.56    342.97      1.00
   alpha_2[0]     -2.45      0.24     -2.43     -2.82     -2.06    306.64      1.00
 alpha_chi[0]      1.33      0.27      1.27      1.00      1.71    355.34      1.00
    beta_1[0]      1.12      0.48      1.08      0.39      1.95    454.15      1.00
    beta_2[0]      2.30      0.74      2.18      1.16      3.50    309.47      1.00
  beta_chi[0]      3.93      0.68      3.99      2.94      5.00    302.19      1.00
     kappa[0]      2.13      1.18      2.10      0.07      3.95    458.42      1.00
   m_break[0]      8.72      0.98      8.91      7.23     10.00    318.36      1.00
  mix_tilt[0]      0.48      0.29      0.48      0.05      0.92    560.31      1.00
   mixture[0]      0.61      0.09      0.61      0.45      0.74    286.40      1.00
   mu_peak[0]     31.51      1.28     31.65     29.32     33.23    122.25      1.01
  sig_tilt[0]      2.35      0.97      2.37      1.05      4.00    551.16      1.01
sigma_peak[0]      4.06      1.84      3.53      2.01      6.63    139.33      1.01

Number of divergences: 0
