
                   mean       std    median      5.0%     95.0%     n_eff     r_hat
   alpha_1[0]     -1.24      0.34     -1.26     -1.74     -0.69    110.12      1.00
   alpha_2[0]     -2.25      0.21     -2.23     -2.55     -1.88    155.49      1.00
    beta_1[0]      1.79      0.74      1.64      0.57      2.92     25.88      1.02
    beta_2[0]      2.19      0.72      2.07      0.98      3.32    117.00      1.00
     kappa[0]     -0.55      1.22     -0.52     -2.61      1.36    113.41      1.00
   m_break[0]      8.50      1.22      8.70      6.90     10.00     83.42      1.02
 mix_tilt1[0]      0.50      0.27      0.49      0.15      1.00    175.60      1.00
 mix_tilt2[0]      0.54      0.29      0.56      0.14      1.00    301.12      1.00
   mixture[0]      0.64      0.09      0.64      0.50      0.79    102.74      1.00
   mu_chi1[0]      0.19      0.11      0.18      0.00      0.35    166.25      1.00
   mu_chi2[0]      0.11      0.08      0.10      0.00      0.23    224.65      1.00
   mu_peak[0]     31.71      1.51     31.90     29.76     33.77    122.98      1.00
  sig_chi1[0]      0.99      0.57      0.98      0.20      1.92    176.04      1.00
  sig_chi2[0]      0.25      0.07      0.25      0.13      0.34    281.09      1.00
 sig_tilt1[0]      1.83      1.04      1.70      0.13      3.36    360.98      1.00
 sig_tilt2[0]      1.76      0.96      1.60      0.62      3.72     85.46      1.00
sigma_peak[0]      4.49      2.29      3.91      2.06      6.73     94.94      1.00

Number of divergences: 0
