
                   mean       std    median      5.0%     95.0%     n_eff     r_hat
   alpha_1[0]     -1.69      0.78     -1.51     -3.24     -0.79     28.68      1.01
   alpha_2[0]     -2.21      0.26     -2.18     -2.79     -1.87     43.26      1.00
    beta_1[0]      1.74      0.75      1.64      0.60      2.88    113.52      1.00
    beta_2[0]      2.21      0.79      2.13      1.08      3.58    118.92      1.00
    kappa1[0]      2.48      2.74      2.67     -1.96      6.15    145.46      1.00
    kappa2[0]      0.71      1.49      0.76     -1.66      2.83     47.27      1.01
   m_break[0]      7.10      2.43      8.02      2.85      9.94     21.08      1.01
   mixture[0]      0.55      0.15      0.58      0.30      0.79     22.10      1.00
   mu_peak[0]     31.09      2.21     31.21     28.54     34.21     32.21      1.03
sigma_peak[0]      5.06      2.86      4.19      2.12      8.86     29.10      1.02

Number of divergences: 0
