
                   mean       std    median      5.0%     95.0%     n_eff     r_hat
   alpha_1[0]     -1.53      0.69     -1.45     -2.52     -0.72     29.08      1.04
   alpha_2[0]     -2.62      0.34     -2.57     -3.17     -2.03     58.13      1.00
    beta_1[0]      1.59      0.67      1.51      0.59      2.80     94.60      1.00
    beta_2[0]      2.52      0.91      2.42      1.21      4.01     54.73      1.07
    kappa1[0]      3.05      2.54      2.84     -0.40      7.90    183.48      1.00
    kappa2[0]      3.84      1.16      3.84      1.78      5.68     98.39      1.00
   m_break[0]      8.23      1.85      8.71      5.42      9.99     21.63      1.04
   mixture[0]      0.54      0.14      0.56      0.34      0.78     27.41      1.04
   mu_peak[0]     30.56      1.66     30.76     28.23     33.46     31.98      1.05
sigma_peak[0]      5.01      2.33      4.39      2.05      8.63     25.08      1.07

Number of divergences: 0
