
                   mean       std    median      5.0%     95.0%     n_eff     r_hat
   alpha_1[0]     -2.05      0.13     -2.04     -2.30     -1.87    242.16      1.00
   alpha_2[0]     -0.04      2.88      0.01     -4.64      4.21    502.59      1.00
 alpha_chi[0]      2.05      0.63      1.97      1.06      2.95    362.68      1.00
    beta_1[0]      4.23      0.64      4.37      3.32      5.00    603.85      1.00
    beta_2[0]      1.94      0.63      1.91      0.87      2.92    410.36      1.00
  beta_chi[0]      3.88      0.75      3.94      2.81      5.00    365.05      1.00
     kappa[0]      1.44      1.16      1.42     -0.29      3.43    243.32      1.00
   m_break[0]      5.83      2.17      5.81      2.31      9.08    188.99      1.00
  mix_tilt[0]      0.59      0.26      0.62      0.20      1.00    404.86      1.00
   mixture[0]      0.48      0.19      0.50      0.19      0.78    142.96      1.00
   mu_peak[0]     30.88      1.61     31.00     28.77     33.14     71.37      1.02
  sig_tilt[0]      1.37      1.17      0.81      0.12      3.30    226.04      1.00
sigma_peak[0]      3.81      1.95      3.21      2.00      6.01     78.53      1.03

Number of divergences: 0
