
                   mean       std    median      5.0%     95.0%     n_eff     r_hat
   alpha_1[0]      2.88      1.41      3.08      0.80      5.00   2457.72      1.00
   alpha_2[0]     -2.65      0.28     -2.62     -3.03     -2.23    913.03      1.00
    beta_1[0]      2.50      1.59      2.63      0.25      5.00   3798.02      1.00
    beta_2[0]      2.55      0.78      2.49      1.25      3.78   3482.48      1.00
     kappa[0]      1.98      1.16      2.00      0.10      3.89   3014.92      1.00
   m_break[0]      8.08      0.73      8.12      6.86      9.24   2185.79      1.00
  mix_tilt[0]      0.58      0.26      0.60      0.22      1.00   4152.99      1.00
   mixture[0]      0.49      0.08      0.49      0.36      0.63   1666.25      1.00
    mu_chi[0]      0.23      0.11      0.25      0.06      0.40   4722.20      1.00
   mu_peak[0]     32.04      1.33     32.10     30.22     34.12   1067.64      1.00
   sig_chi[0]      0.54      0.26      0.53      0.10      0.91   4068.55      1.00
  sig_tilt[0]      1.30      0.85      1.05      0.10      2.66   1826.41      1.00
sigma_peak[0]      3.81      1.97      3.24      2.00      5.94    673.91      1.00

Number of divergences: 1
