
                   mean       std    median      5.0%     95.0%     n_eff     r_hat
   alpha_1[0]     -1.90      0.11     -1.89     -2.08     -1.70    588.01      1.00
 alpha_chi[0]      1.62      0.44      1.53      1.00      2.22    899.31      1.00
    beta_1[0]      2.12      0.55      2.09      1.22      3.01    906.95      1.00
  beta_chi[0]      3.76      0.77      3.87      2.69      4.99    767.91      1.00
     kappa[0]      0.81      1.16      0.83     -0.96      2.77    520.89      1.00
  mix_tilt[0]      0.53      0.29      0.53      0.05      0.95    578.58      1.01
   mixture[0]      0.04      0.01      0.04      0.02      0.06    525.44      1.00
   mu_peak[0]     31.03      1.35     31.10     29.19     33.48    485.33      1.00
  sig_tilt[0]      1.73      1.15      1.56      0.10      3.40    849.48      1.00
sigma_peak[0]      3.16      1.87      2.64      1.00      5.95    362.10      1.00

Number of divergences: 0
