
                   mean       std    median      5.0%     95.0%     n_eff     r_hat
   alpha_1[0]     -1.22      0.43     -1.23     -1.78     -0.47    184.63      1.00
   alpha_2[0]     -2.35      0.23     -2.34     -2.78     -2.03    200.34      1.00
    beta_1[0]      1.60      0.71      1.54      0.59      2.83    209.67      1.00
    beta_2[0]      2.13      0.69      2.06      1.10      3.30    251.45      1.00
     kappa[0]      1.29      1.33      1.35     -0.69      3.66    201.25      1.00
   m_break[0]      8.54      1.28      8.85      7.04      9.97    114.57      1.00
  mix_tilt[0]      0.61      0.24      0.61      0.30      1.00    128.45      1.00
   mixture[0]      0.60      0.10      0.61      0.45      0.75    218.12      1.00
    mu_chi[0]      0.19      0.11      0.19      0.01      0.33    444.56      1.00
   mu_peak[0]     31.88      1.38     31.86     29.94     34.21    300.91      1.01
   sig_chi[0]      0.60      0.26      0.62      0.22      0.99    225.72      1.02
  sig_tilt[0]      1.17      0.72      0.97      0.21      2.21    125.27      1.01
sigma_peak[0]      3.97      1.90      3.50      2.00      6.41    230.43      1.00

Number of divergences: 0
