
                   mean       std    median      5.0%     95.0%     n_eff     r_hat
         A[0]      0.76      0.23      0.83      0.40      1.00   4600.75      1.00
   alpha_1[0]     -3.94      0.98     -4.17     -5.00     -2.82   4174.70      1.00
   alpha_2[0]     -3.04      0.41     -3.06     -3.72     -2.37   3549.88      1.00
    beta_1[0]      0.01      0.55     -0.04     -0.85      0.91   5966.10      1.00
    beta_2[0]      1.14      0.93      1.03     -0.44      2.49   3074.15      1.00
  eta_high[0]     26.96     13.11     27.19      8.71     49.62   7863.87      1.00
   eta_low[0]     27.38     13.52     27.77      8.48     49.99   6757.23      1.00
   eta_max[0]      6.53      1.75      6.49      4.10      9.74   5644.64      1.00
   eta_min[0]     30.04     11.57     30.14     13.02     48.99   7330.81      1.00
gamma_high[0]      6.65      1.00      6.86      5.10      8.00   5781.92      1.00
 gamma_low[0]      2.70      0.52      2.58      2.00      3.52   5615.50      1.00
     kappa[0]      0.65      1.31      0.67     -1.43      2.84   4597.65      1.00
   m_break[0]      5.67      2.09      5.51      2.00      8.70   5666.99      1.00
     m_max[0]     52.37      9.13     51.19     37.94     66.35   3572.73      1.00
     m_min[0]      0.85      0.21      0.85      0.51      1.14   9196.22      1.00

Number of divergences: 0
