
                   mean       std    median      5.0%     95.0%     n_eff     r_hat
   alpha_1[0]     -1.86      0.94     -1.59     -3.49     -0.57     50.38      1.00
   alpha_2[0]     -2.21      0.28     -2.19     -2.60     -1.77     75.98      1.01
    beta_1[0]      1.66      0.65      1.61      0.65      2.68    208.69      1.00
    beta_2[0]      2.16      0.84      2.04      0.92      3.42     70.31      1.00
    kappa1[0]      2.64      2.83      2.65     -1.73      6.74    277.77      1.00
    kappa2[0]      0.76      1.15      0.76     -0.93      2.72    167.80      1.00
   m_break[0]      6.82      2.71      7.93      2.37      9.78     45.16      1.00
   mixture[0]      0.52      0.19      0.57      0.16      0.74     49.10      1.01
   mu_peak[0]     31.39      1.76     31.52     28.88     34.40    144.89      1.00
sigma_peak[0]      4.89      2.30      4.43      2.02      8.34    141.11      1.00

Number of divergences: 0
