
                   mean       std    median      5.0%     95.0%     n_eff     r_hat
   alpha_1[0]     -2.01      0.12     -2.00     -2.17     -1.78    275.07      1.00
 alpha_chi[0]      1.34      0.26      1.29      1.00      1.71    507.56      1.00
    beta_1[0]      1.45      0.46      1.43      0.70      2.17    329.09      1.00
    beta_2[0]      1.85      0.68      1.82      0.73      2.87    423.33      1.00
  beta_chi[0]      3.80      0.68      3.83      2.92      4.97    477.83      1.00
     kappa[0]      1.17      1.10      1.16     -0.65      2.94    283.79      1.00
  mix_tilt[0]      0.46      0.29      0.44      0.02      0.90    485.38      1.00
   mixture[0]      0.04      0.01      0.03      0.02      0.05    351.26      1.00
   mu_peak[0]     31.08      1.36     31.23     28.89     33.17    482.68      1.00
  sig_tilt[0]      2.41      1.01      2.42      1.03      3.98    347.98      1.00
sigma_peak[0]      3.97      1.79      3.42      2.01      6.04    376.36      1.00

Number of divergences: 0
