
                   mean       std    median      5.0%     95.0%     n_eff     r_hat
   alpha_1[0]     -1.71      0.90     -1.56     -3.33     -0.52     36.09      1.01
   alpha_2[0]     -2.29      0.31     -2.27     -2.77     -1.79     52.22      1.00
    beta_1[0]      1.76      0.80      1.64      0.34      2.85     46.11      1.01
    beta_2[0]      1.97      0.69      1.95      0.97      3.24    108.41      1.00
    kappa1[0]      3.10      2.78      2.94     -0.71      7.80    145.53      1.00
    kappa2[0]      0.95      1.37      0.94     -1.28      3.15     91.24      1.01
   m_break[0]      7.38      2.33      8.11      3.11      9.96     33.34      1.00
   mixture[0]      0.56      0.18      0.61      0.20      0.81     39.82      1.00
   mu_peak[0]     31.26      2.20     31.74     28.03     34.44     58.40      1.00
sigma_peak[0]      5.05      2.94      4.27      2.03      9.59     48.95      0.99

Number of divergences: 0
