
                   mean       std    median      5.0%     95.0%     n_eff     r_hat
   alpha_1[0]     -1.28      0.59     -1.22     -2.01     -0.30     71.61      1.00
   alpha_2[0]     -2.39      0.28     -2.37     -2.86     -1.97     66.24      1.00
 alpha_chi[0]      1.32      0.25      1.26      1.00      1.69    267.57      1.00
    beta_1[0]      1.22      0.50      1.18      0.57      2.18    173.61      1.00
    beta_2[0]      2.27      0.74      2.21      0.99      3.38    147.88      1.00
  beta_chi[0]      3.88      0.67      3.94      2.91      4.92    310.02      1.00
     kappa[0]      2.16      1.24      2.18     -0.03      4.02    313.51      1.00
   m_break[0]      7.71      2.36      8.59      2.89      9.99     27.72      1.02
  mix_tilt[0]      0.49      0.28      0.47      0.06      0.93    593.63      1.00
   mixture[0]      0.99      0.02      0.99      0.97      1.00     28.72      1.03
   mu_peak[0]     31.55      1.21     31.64     29.73     33.53    274.88      1.00
  sig_tilt[0]      2.44      0.97      2.59      1.05      4.00    522.58      1.01
sigma_peak[0]      3.71      1.56      3.26      2.04      5.79    227.69      1.00

Number of divergences: 0
