
                   mean       std    median      5.0%     95.0%     n_eff     r_hat
   alpha_1[0]     -1.26      0.42     -1.29     -1.82     -0.50    143.09      1.01
   alpha_2[0]     -2.33      0.25     -2.32     -2.74     -1.93    140.07      1.00
    beta_1[0]      1.56      0.69      1.47      0.55      2.60    219.69      1.00
    beta_2[0]      1.85      0.61      1.84      0.94      2.90    294.94      1.00
     kappa[0]      0.89      1.37      0.92     -1.68      2.64    288.04      1.00
   m_break[0]      8.23      1.70      8.77      5.72     10.00     83.60      1.00
  mix_tilt[0]      0.61      0.25      0.60      0.28      0.99    310.53      1.00
   mixture[0]      0.60      0.13      0.63      0.43      0.80    107.30      1.00
    mu_chi[0]      0.20      0.11      0.19      0.05      0.40    522.80      1.00
   mu_peak[0]     32.13      1.43     32.27     29.94     34.59    230.14      1.00
   sig_chi[0]      0.61      0.25      0.59      0.28      1.00    130.16      1.05
  sig_tilt[0]      1.11      0.78      0.90      0.19      2.03     72.46      1.00
sigma_peak[0]      4.15      1.61      3.82      2.01      6.35    210.26      1.00

Number of divergences: 0
