
                   mean       std    median      5.0%     95.0%     n_eff     r_hat
   alpha_1[0]     -1.94      0.08     -1.95     -2.08     -1.82    672.17      1.00
 alpha_chi[0]      2.01      0.64      1.91      1.05      2.87    363.77      1.00
    beta_1[0]      2.97      0.79      2.93      1.74      4.32    306.82      1.00
    beta_2[0]      0.14      2.93      0.19     -4.42      4.23    600.37      1.00
  beta_chi[0]      3.78      0.77      3.85      2.68      5.00    381.04      1.00
  mix_tilt[0]      0.58      0.28      0.64      0.16      0.99    555.72      1.00
   mixture[0]      0.03      0.01      0.03      0.02      0.05    192.97      1.02
   mu_peak[0]     30.73      1.66     30.93     28.62     33.34    119.63      1.02
  sig_tilt[0]      1.37      1.18      0.88      0.12      3.36    361.04      1.00
sigma_peak[0]      4.01      2.14      3.24      2.01      6.46    130.30      1.01

Number of divergences: 0
