
                   mean       std    median      5.0%     95.0%     n_eff     r_hat
   alpha_1[0]     -1.80      0.75     -1.64     -3.01     -0.60     77.38      1.01
   alpha_2[0]     -2.16      0.23     -2.15     -2.52     -1.78    115.04      1.02
    beta_1[0]      1.69      0.60      1.70      0.82      2.80    170.78      1.00
    beta_2[0]      2.10      0.72      2.03      0.91      3.09    100.13      1.02
     kappa[0]      0.58      1.21      0.55     -1.30      2.41    269.33      1.01
   m_break[0]      7.10      2.47      8.08      2.94      9.86     54.26      1.01
   mixture[0]      0.55      0.18      0.60      0.16      0.76     60.59      1.00
   mu_peak[0]     31.28      1.91     31.54     27.91     33.96    107.42      1.00
sigma_peak[0]      4.59      2.70      3.74      2.01      8.42     95.89      1.00

Number of divergences: 0
