
                   mean       std    median      5.0%     95.0%     n_eff     r_hat
   alpha_1[0]     -1.92      0.12     -1.92     -2.12     -1.74    311.11      1.00
 alpha_chi[0]      1.95      0.62      1.81      1.10      2.95    370.37      1.00
    beta_1[0]      2.95      0.79      2.87      1.73      4.26    248.90      1.00
    beta_2[0]     -0.13      2.82     -0.18     -4.93      3.95    533.91      1.00
  beta_chi[0]      3.75      0.80      3.84      2.63      5.00    403.83      1.00
     kappa[0]      1.06      1.08      1.12     -0.67      2.79    301.33      1.00
  mix_tilt[0]      0.58      0.26      0.61      0.17      1.00    605.52      1.00
   mixture[0]      0.04      0.02      0.04      0.01      0.07     43.84      1.01
   mu_peak[0]     29.86      2.79     30.68     25.00     33.45     39.92      1.00
  sig_tilt[0]      1.42      1.18      1.01      0.12      3.38    278.22      1.00
sigma_peak[0]      5.10      3.35      3.87      2.00     10.88     38.59      1.01

Number of divergences: 0
