
                   mean       std    median      5.0%     95.0%     n_eff     r_hat
   alpha_1[0]     -1.09      0.37     -1.15     -1.70     -0.52    205.31      1.00
   alpha_2[0]     -2.51      0.24     -2.51     -2.91     -2.15    213.43      1.00
    beta_1[0]      1.13      0.55      1.10      0.36      2.03    258.01      1.01
    beta_2[0]      2.01      0.70      1.89      0.94      3.09    196.08      1.00
     kappa[0]      2.18      1.24      2.17      0.14      4.10    226.78      1.01
   m_break[0]      8.86      0.91      9.11      7.69      9.99    151.96      1.00
  mix_tilt[0]      0.62      0.24      0.63      0.28      0.99    286.09      1.00
   mixture[0]      0.60      0.09      0.60      0.46      0.73    199.38      1.00
    mu_chi[0]      0.18      0.11      0.17      0.00      0.34    373.92      1.00
   mu_peak[0]     32.12      0.94     32.08     30.56     33.62    350.82      1.00
   sig_chi[0]      0.57      0.27      0.55      0.20      1.00    566.95      1.00
  sig_tilt[0]      0.93      0.66      0.78      0.19      1.63     98.08      1.01
sigma_peak[0]      3.39      1.21      3.10      2.01      5.12    269.65      1.00

Number of divergences: 0
