
                   mean       std    median      5.0%     95.0%     n_eff     r_hat
   alpha_1[0]     -1.70      0.77     -1.60     -2.85     -0.36     44.39      1.08
   alpha_2[0]     -2.21      0.26     -2.19     -2.59     -1.77    113.32      1.00
    beta_1[0]      1.64      0.61      1.56      0.60      2.63     93.59      1.04
    beta_2[0]      2.10      0.75      2.00      1.00      3.47    172.11      1.00
     kappa[0]      0.80      1.29      0.86     -1.34      2.79    150.07      1.00
   m_break[0]      7.61      2.19      8.28      3.50      9.99     36.06      1.11
   mixture[0]      0.58      0.15      0.60      0.40      0.84     40.90      1.03
   mu_peak[0]     30.99      2.57     31.51     28.20     34.01     38.71      1.08
sigma_peak[0]      5.22      3.42      3.95      2.03     10.04     51.72      1.04

Number of divergences: 0
