
                   mean       std    median      5.0%     95.0%     n_eff     r_hat
   alpha_1[0]     -1.97      0.14     -1.97     -2.22     -1.78    186.12      1.00
 alpha_chi[0]      1.90      0.58      1.81      1.00      2.70    168.10      1.00
  beta_chi[0]      3.77      0.81      3.80      2.67      4.99    190.72      1.01
     kappa[0]      1.92      1.16      1.98      0.38      4.18    175.69      1.00
  mix_tilt[0]      0.51      0.29      0.51      0.10      1.00    274.27      1.00
   mixture[0]      0.10      0.06      0.08      0.04      0.19     96.25      1.02
   mu_peak[0]     28.01      3.85     29.54     21.23     32.62    108.86      1.01
  sig_tilt[0]      1.77      1.21      1.62      0.10      3.58    269.11      1.00
sigma_peak[0]      6.85      3.96      5.44      2.15     12.83    105.06      1.00

Number of divergences: 0
