
                   mean       std    median      5.0%     95.0%     n_eff     r_hat
   alpha_1[0]     -1.91      0.11     -1.91     -2.09     -1.74    423.80      1.00
 alpha_chi[0]      1.59      0.41      1.54      1.00      2.13    283.68      1.00
    beta_1[0]      2.17      0.58      2.14      1.34      3.16    279.19      1.00
  beta_chi[0]      3.76      0.77      3.89      2.65      4.97    433.91      1.00
     kappa[0]      0.74      1.18      0.83     -1.15      2.54    344.82      1.00
  mix_tilt[0]      0.51      0.28      0.49      0.07      0.94    428.09      1.00
   mixture[0]      0.04      0.02      0.04      0.02      0.07     62.53      1.05
   mu_peak[0]     30.66      1.88     31.05     28.03     33.42     29.16      1.07
  sig_tilt[0]      1.86      1.16      1.75      0.13      3.56    394.80      1.00
sigma_peak[0]      4.36      2.38      3.66      2.03      7.29     31.20      1.07

Number of divergences: 0
