
                   mean       std    median      5.0%     95.0%     n_eff     r_hat
   alpha_1[0]     -1.89      0.11     -1.90     -2.08     -1.70    246.38      1.00
 alpha_chi[0]      1.61      0.43      1.54      1.00      2.19    271.50      1.01
    beta_1[0]      2.14      0.55      2.09      1.17      2.97    356.15      1.00
  beta_chi[0]      3.70      0.83      3.79      2.56      5.00    192.24      1.04
     kappa[0]      0.79      1.22      0.87     -0.96      2.82    247.52      1.02
  mix_tilt[0]      0.52      0.28      0.52      0.10      0.96    459.16      1.00
   mixture[0]      0.04      0.02      0.04      0.02      0.06    111.86      1.02
   mu_peak[0]     30.97      1.42     31.13     29.18     33.16    101.30      1.00
  sig_tilt[0]      1.72      1.23      1.50      0.11      3.60    399.12      1.00
sigma_peak[0]      3.30      2.10      2.64      1.01      6.38    103.83      1.00

Number of divergences: 0
