
                   mean       std    median      5.0%     95.0%     n_eff     r_hat
   alpha_1[0]     -1.88      0.92     -1.64     -3.47     -0.54     38.80      1.00
   alpha_2[0]     -2.19      0.27     -2.15     -2.57     -1.81     52.10      1.00
    beta_1[0]      1.77      0.67      1.69      0.78      2.97    114.34      1.00
    beta_2[0]      2.02      0.71      1.92      0.90      3.15    120.56      1.00
    kappa1[0]      2.50      2.68      2.50     -1.95      6.30    134.28      1.00
    kappa2[0]      0.82      1.24      0.83     -1.48      2.45    128.41      1.00
   m_break[0]      6.55      2.65      7.24      2.36      9.77     32.53      1.00
   mixture[0]      0.51      0.17      0.54      0.18      0.76     40.60      1.00
   mu_peak[0]     30.95      2.79     31.65     25.55     34.43     19.35      1.00
sigma_peak[0]      5.23      3.27      4.07      2.02     10.87     21.12      1.00

Number of divergences: 0
