
                   mean       std    median      5.0%     95.0%     n_eff     r_hat
   alpha_1[0]     -1.83      0.88     -1.66     -3.45     -0.53     54.98      1.01
   alpha_2[0]     -2.20      0.28     -2.17     -2.58     -1.74     78.01      1.00
    beta_1[0]      1.77      0.76      1.66      0.39      2.82     73.03      1.02
    beta_2[0]      1.99      0.71      1.94      0.75      3.10    143.91      1.01
    kappa1[0]      2.64      2.87      2.30     -1.97      6.98    170.90      1.00
    kappa2[0]      0.88      1.31      0.84     -1.60      2.68    140.05      1.00
   m_break[0]      6.97      2.57      7.93      2.54      9.88     29.45      1.01
   mixture[0]      0.53      0.19      0.58      0.13      0.75     28.31      1.04
   mu_peak[0]     31.31      2.06     31.52     27.05     34.01    181.36      0.99
sigma_peak[0]      5.00      2.71      4.29      2.06      8.96    142.10      0.99

Number of divergences: 0
